{'cdomga': [0.1121008406532653],
 'de': [13038.328889954413],
 'pso': [11073.951613736566],
 'sampling': [3440.24517499823]}
