{'cdomga': [1.3094809430363714],
 'de': [0.8629511415074506],
 'pso': [0.9779475273641871],
 'sampling': [1.021280472328985]}
